0 // 《我的祖国》；按当前规则整理，只保留音高与歌词，不编码时值、连音、力度、反复和装饰线；以下为按截图人工转写
5- 5 6 5 3 5 2 3 1 6- 1 2 1 2 3 6- 1 3 2 3 5 6 7 2+ 2+ 2 7 6 7 5 // 前奏

1 2 6- 5- 5 6 3 5 1+ 6 5 5 6 5 3 2 3 // 一条大河波浪宽，风吹稻花香两岸。
5 3 6 1+ 2 2 5 3 1 6 5 6 2 6 5 6 3 2 // 我家就在岸上住，听惯了艄公的号子，看惯了船上的白帆。
1 2 2 3 5 5 1+ 6 5 5 6 1 2 4 6 6 5 6 3 2 1 1 0 // 这是美丽的祖国，是我生长的地方，在这片辽阔的土地上，
2+ 3+ 5+ 6+ 7+ 2++ 2++ 6+ 7+ 5 // 到处都有明媚的风光。

1 2 6- 5- 5 6 3 5 1+ 6 5 5 6 5 3 2 3 // 姑娘好像花儿一样，小伙心胸多宽广。
5 3 6 1+ 2 2 5 3 1 6 5 6 2 6 5 6 3 2 // 为了开辟新天地，唤醒了沉睡的高山，让那河流改变了模样。
1 2 2 3 5 5 1+ 6 5 5 6 1 2 4 6 6 5 6 3 2 1 1 0 // 这是英雄的祖国，是我生长的地方，在这片古老的土地上，
2+ 3+ 5+ 6+ 7+ 2++ 2++ 6+ 7+ 5 // 到处都有青春的力量。

1 2 6- 5- 5 6 3 5 1+ 6 5 5 6 5 3 2 3 // 好山好水好地方，条条大路都宽畅。
5 3 6 1+ 2 2 5 3 1 6 5 6 2 6 5 6 3 2 // 朋友来了有好酒，若是那豺狼来了，迎接它的有猎枪。
1 2 2 3 5 5 1+ 6 5 5 6 1 2 4 6 6 5 6 3 2 1 1 0 // 这是强大的祖国，是我生长的地方，在这片温暖的土地上，
2+ 7+ 6+ 5+ 3+ 5+ 5+ 6+ 2+ 1+ // 到处都有和平的阳光。
